公司簡稱,最近上市日
1101 台泥,1962/2/9
1102 亞泥,1962/6/18
1103 嘉泥,1969/11/27
1104 環泥,1971/2/2
1108 幸福,1990/6/6
1109 信大,1991/12/5
1110 東泥,1994/10/22
1201 味全,1962/2/9
1203 味王,1964/8/24
1210 大成,1978/5/20
1213 大飲,1981/4/10
1215 卜蜂,1987/7/27
1216 統一,1987/12/28
1217 愛之味,1989/10/28
1218 泰山,1989/11/11
1219 福壽,1990/12/1
1220 台榮,1991/11/20
1225 福懋油,1993/9/27
1227 佳格,1994/4/9
1229 聯華,1976/7/19
1231 聯華食,1995/11/2
1232 大統益,1996/2/9
1233 天仁,1999/1/20
1234 黑松,1999/3/12
1235 興泰,2000/9/11
1236 宏亞,2001/9/19
1240 茂生農經,2018/8/8
1256 鮮活果汁-KY,2016/3/17
1259 安心,2011/12/15
1264 德麥,2015/4/9
1268 漢來美食,2017/9/27
1301 台塑,1964/7/27
1303 南亞,1967/11/15
1304 台聚,1972/5/20
1305 華夏,1973/3/5
1307 三芳,1985/11/23
1308 亞聚,1986/6/20
1309 台達化,1986/6/27
1310 台苯,1987/8/6
1312 國喬,1988/12/21
1313 聯成,1989/3/27
1314 中石化,1991/7/12
1315 達新,1992/5/9
1316 上曜,1992/10/15
1319 東陽,1994/12/12
1321 大洋,1999/1/26
1323 永裕,2000/9/11
1324 地球,2000/9/11
1325 恒大,2000/9/11
1326 台化,1984/12/20
1336 台翰,2007/11/2
1337 再生-KY,2011/8/17
1338 廣華-KY,2012/12/19
1339 昭輝,2012/4/24
1340 勝悅-KY,2014/1/14
1341 富林-KY,2018/12/24
1342 八貫,2020/11/24
1402 遠東新,1967/4/14
1409 新纖,1973/10/8
1410 南染,1973/10/8
1413 宏洲,1975/12/27
1414 東和,1976/2/5
1416 廣豐,1976/4/20
1417 嘉裕,1976/12/28
1418 東華,1977/2/14
1419 新紡,1977/3/14
1423 利華,1979/4/2
1432 大魯閣,1982/7/26
1434 福懋,1985/12/24
1435 中福,1987/12/28
1436 華友聯,1988/4/11
1437 勤益控,1988/11/10
1438 三地開發,1988/12/15
1439 雋揚,1989/5/22
1440 南紡,1989/10/3
1441 大東,1989/10/27
1442 名軒,1989/11/16
1443 立益物流,1990/4/21
1444 力麗,1990/8/8
1445 大宇,1991/2/5
1446 宏和,1991/10/15
1447 力鵬,1992/1/28
1449 佳和,1992/5/6
1451 年興,1992/12/21
1452 宏益,1992/12/28
1453 大將,1993/4/19
1454 台富,1993/5/7
1455 集盛,1993/10/7
1456 怡華,1993/12/9
1457 宜進,1994/10/20
1459 聯發,1994/10/26
1460 宏遠,1995/4/28
1463 強盛,1996/12/5
1464 得力,1997/1/18
1465 偉全,1997/9/8
1466 聚隆,1998/4/4
1467 南緯,1998/12/21
1468 昶和,1999/1/21
1470 大統新創,1999/5/21
1471 首利,2000/3/6
1472 三洋實業,2000/9/11
1473 台南,2000/9/11
1474 弘裕,2000/10/31
1475 業旺,2000/10/27
1476 儒鴻,2001/4/18
1477 聚陽,2003/1/21
1503 士電,1969/12/15
1504 東元,1973/11/5
1506 正道,1980/8/11
1512 瑞利,1994/1/28
1513 中興電,1994/3/8
1514 亞力,1994/3/26
1515 力山,1995/2/4
1516 川飛,1995/4/1
1517 利奇,1995/11/14
1519 華城,1997/4/16
1521 大億,1997/10/6
1522 堤維西,1997/10/6
1524 耿鼎,1998/10/30
1525 江申,1999/5/15
1526 日馳,2000/3/27
1527 鑽全,2000/6/21
1528 恩德,2000/9/11
1529 樂事綠能,2000/9/11
1530 亞崴,2000/9/11
1531 高林股,2000/9/11
1532 勤美,2000/9/11
1533 車王電,2001/4/6
1535 中宇,2001/9/19
1536 和大,2001/9/19
1537 廣隆,2002/1/22
1538 正峰,2002/8/26
1539 巨庭,2002/10/29
1540 喬福,2002/8/26
1541 錩泰,2003/3/19
1558 伸興,2014/12/23
1560 中砂,2005/1/31
1563 巧新,2024/5/13
1565 精華,2004/3/30
1568 倉佑,2014/5/14
1569 濱川,2005/7/29
1570 力肯,2005/6/30
1580 新麥,2007/12/10
1582 信錦,2009/12/17
1583 程泰,2008/1/24
1584 精剛,2007/11/28
1586 和勤,2012/1/9
1587 吉茂,2018/4/16
1589 永冠-KY,2012/4/27
1590 亞德客-KY,2010/12/13
1591 駿吉-KY,2012/3/23
1593 祺驊,2012/6/13
1595 川寶,2011/10/4
1597 直得,2020/12/23
1598 岱宇,2016/9/20
1599 宏佳騰,2012/12/25
1603 華電,1968/6/3
1604 聲寶,1971/1/7
1605 華新,1972/11/3
1608 華榮,1988/7/11
1609 大亞,1988/12/12
1611 中電,1990/1/16
1612 宏泰,1993/5/8
1614 三洋電,1997/9/18
1615 大山,2000/3/30
1616 億泰,2000/9/11
1617 榮星,2000/9/11
1618 合機,2000/9/11
1626 艾美特-KY,2013/3/21
1701 中化,1962/2/9
1702 南僑,1973/12/17
1707 葡萄王,1982/12/20
1708 東鹼,1986/6/16
1709 和益,1986/7/3
1710 東聯,1987/10/21
1711 永光,1988/12/27
1712 興農,1989/12/14
1713 國化,1990/1/31
1714 和桐,1991/8/30
1717 長興,1994/3/30
1718 中纖,1963/12/2
1720 生達,1995/12/12
1721 三晃,1996/5/16
1722 台肥,1998/3/24
1723 中碳,1998/11/27
1725 元禎,2000/9/11
1726 永記,2000/9/11
1727 中華化,2000/9/11
1730 花仙子,2001/9/19
1731 美吾華,2001/9/19
1732 毛寶,2001/9/19
1733 五鼎,2001/9/19
1734 杏輝,2002/8/26
1735 日勝化,2002/8/26
1736 喬山,2003/1/9
1737 臺鹽,2003/11/18
1742 台蠟,2004/5/14
1752 南光,2022/1/19
1760 寶齡富錦,2018/1/23
1762 中化生,2010/12/20
1773 勝一,2009/2/27
1776 展宇,2016/5/9
1777 生泰,2005/10/19
1781 合世,2004/12/24
1783 和康生,2013/12/20
1784 訊聯,2007/7/26
1785 光洋科,2005/1/31
1786 科妍,2013/11/12
1788 杏昌,2009/7/20
1789 神隆,2011/9/29
1795 美時,2019/12/16
1796 金穎生技,2018/1/22
1799 易威,2008/11/10
1802 台玻,1973/7/20
1805 寶徠,1989/10/20
1806 冠軍,1992/9/29
1808 潤隆,1994/10/26
1809 中釉,1996/4/30
1810 和成,1991/10/14
1813 寶利徠,2009/8/4
1815 富喬,2006/1/23
1817 凱撒衛,2013/10/24
1903 士紙,1963/12/9
1904 正隆,1971/9/10
1905 華紙,1975/2/17
1906 寶隆,1976/4/26
1907 永豐餘,1977/2/22
1909 榮成,1985/11/19
2002 中鋼,1974/12/26
2006 東和鋼鐵,1988/7/13
2007 燁興,1988/10/4
2008 高興昌,1988/12/28
2009 第一銅,1989/10/20
2010 春源,1989/12/22
2012 春雨,1991/10/17
2013 中鋼構,1992/1/21
2014 中鴻,1992/2/20
2015 豐興,1992/5/25
2017 官田鋼,1992/11/2
2020 美亞,1993/4/27
2022 聚亨,1995/3/27
2023 燁輝,1995/7/28
2024 志聯,1995/12/30
2025 千興,1996/2/8
2027 大成鋼,1996/10/24
2028 威致,1996/12/13
2029 盛餘,1997/1/11
2030 彰源,1998/12/24
2031 新光鋼,2000/9/11
2032 新鋼,2000/9/11
2033 佳大,2000/9/11
2034 允強,2001/9/19
2035 唐榮,2006/7/7
2038 海光,2008/12/30
2049 上銀,2009/6/26
2059 川湖,2008/6/25
2061 風青,2010/12/9
2062 橋椿,2007/11/16
2063 世鎧,2010/9/7
2064 晉椿,2014/12/26
2065 世豐,2017/4/21
2066 世德,2013/9/24
2067 嘉鋼,2014/5/26
2069 運錩,2016/3/22
2070 精湛,2018/12/17
2073 雄順,2023/6/21
2101 南港,1963/11/1
2102 泰豐,1979/7/16
2103 台橡,1982/9/25
2104 國際中橡,1986/7/15
2105 正新,1987/12/7
2106 建大,1990/12/20
2107 厚生,1992/3/3
2108 南帝,1992/10/27
2109 華豐,2000/5/8
2114 鑫永銓,2010/12/29
2115 六暉-KY,2013/12/25
2201 裕隆,1976/7/8
2204 中華,1991/3/12
2206 三陽工業,1996/7/29
2207 和泰車,1997/2/25
2208 台船,2008/12/22
2211 長榮鋼,2021/4/12
2221 大甲,2007/8/1
2227 裕日車,2004/12/21
2228 劍麟,2013/11/25
2230 泰茂,2013/4/18
2231 為升,2010/11/19
2233 宇隆,2019/9/17
2235 謚源,2014/12/15
2236 百達-KY,2015/6/3
2239 英利-KY,2016/1/27
2241 艾姆勒,2020/8/26
2243 宏旭-KY,2017/9/27
2247 汎德永業,2020/10/12
2250 IKKA-KY,2021/5/31
2301 光寶科,1995/11/17
2302 麗正,1985/1/15
2303 聯電,1985/7/16
2305 全友,1988/10/21
2308 台達電,1988/12/19
2312 金寶,1989/11/7
2313 華通,1990/7/24
2314 台揚,1990/8/8
2316 楠梓電,1991/2/5
2317 鴻海,1991/6/18
2321 東訊,1991/11/8
2323 中環,1992/2/17
2324 仁寶,1992/2/18
2327 國巨,1993/10/22
2328 廣宇,1993/11/9
2329 華泰,1994/4/20
2330 台積電,1994/9/5
2331 精英,1994/9/21
2332 友訊,1994/10/17
2337 旺宏,1995/3/15
2338 光罩,1995/4/17
2340 台亞,1995/5/2
2342 茂矽,1995/9/19
2344 華邦電,1995/10/18
2345 智邦,1995/11/15
2347 聯強,1995/12/13
2348 海悅,1996/1/5
2349 錸德,1996/4/23
2351 順德,1996/4/25
2352 佳世達,1996/7/22
2353 宏碁,1996/9/18
2354 鴻準,1996/10/8
2355 敬鵬,1996/10/14
2356 英業達,1996/11/13
2357 華碩,1996/11/14
2358 廷鑫,1996/12/18
2359 所羅門,1996/12/19
2360 致茂,1996/12/21
2362 藍天,1997/4/2
2363 矽統,1997/8/1
2364 倫飛,1997/8/11
2365 昆盈,1997/11/3
2367 燿華,1997/12/13
2368 金像電,1998/3/9
2369 菱生,1998/4/10
2371 大同,1962/2/9
2373 震旦行,1991/8/1
2374 佳能,1995/1/16
2375 凱美,1998/8/29
2376 技嘉,1998/9/24
2377 微星,1998/10/31
2379 瑞昱,1998/10/26
2380 虹光,1998/12/3
2382 廣達,1999/1/8
2383 台光電,1998/11/27
2385 群光,1999/1/5
2387 精元,1999/1/25
2388 威盛,1999/3/5
2390 云辰,1999/6/15
2392 正崴,1999/9/20
2393 億光,1999/11/4
2395 研華,1999/12/13
2397 友通,2000/1/15
2399 映泰,1999/12/16
2401 凌陽,2000/1/27
2402 毅嘉,2000/1/14
2404 漢唐,2000/3/14
2405 輔信,2000/3/17
2406 國碩,2000/4/29
2408 南亞科,2000/8/17
2409 友達,2000/9/8
2412 中華電,2000/10/27
2413 環科,2000/9/11
2414 精技,2000/9/11
2415 錩新,2000/9/11
2417 圓剛,2000/9/11
2419 仲琦,2000/9/11
2420 新巨,2000/9/11
2421 建準,2000/9/11
2423 固緯,2000/9/11
2424 隴華,2000/9/11
2425 承啟,2000/9/11
2426 鼎元,2000/9/11
2427 三商電,2000/9/11
2428 興勤,2000/9/11
2429 銘旺科,2000/9/11
2430 燦坤,2000/9/11
2431 聯昌,2000/9/11
2433 互盛電,2000/9/11
2434 統懋,2000/9/11
2436 偉詮電,2000/9/11
2438 翔耀,2000/9/11
2439 美律,2000/9/11
2440 太空梭,2000/11/10
2441 超豐,2000/10/26
2442 新美齊,2000/11/22
2443 昶虹,2001/1/3
2444 兆勁,2000/12/8
2449 京元電子,2001/5/9
2450 神腦,2001/5/24
2451 創見,2001/5/3
2453 凌群,2001/5/22
2454 聯發科,2001/7/23
2455 全新,2002/1/24
2457 飛宏,2001/9/19
2458 義隆,2001/9/19
2459 敦吉,2001/9/19
2460 建通,2001/9/19
2461 光群雷,2001/9/19
2462 良得電,2001/9/19
2464 盟立,2001/9/19
2465 麗臺,2001/9/19
2466 冠西電,2001/9/19
2467 志聖,2001/9/19
2468 華經,2001/9/19
2471 資通,2001/9/19
2472 立隆電,2001/9/19
2474 可成,2001/9/19
2476 鉅祥,2001/9/19
2477 美隆電,2001/9/19
2478 大毅,2001/9/19
2480 敦陽科,2001/9/19
2481 強茂,2001/9/19
2482 連宇,2001/9/19
2483 百容,2001/9/19
2484 希華,2001/9/19
2485 兆赫,2001/9/19
2486 一詮,2001/9/19
2488 漢平,2001/9/19
2489 瑞軒,2001/9/19
2491 吉祥全,2001/9/19
2492 華新科,2001/9/19
2493 揚博,2002/1/23
2495 普安,2002/3/25
2496 卓越,2002/3/8
2497 怡利電,2002/2/4
2498 宏達電,2002/3/26
2501 國建,1965/3/5
2504 國產,1978/3/14
2505 國揚,1979/11/14
2506 太設,1980/2/2
2509 全坤建,1988/7/28
2511 太子,1991/4/24
2514 龍邦,1992/9/26
2515 中工,1993/3/2
2516 新建,1993/5/25
2520 冠德,1993/10/27
2524 京城,1994/10/18
2527 宏璟,1995/3/6
2528 皇普,1995/3/10
2530 華建,1995/10/12
2534 宏盛,1996/2/12
2535 達欣工,1996/3/11
2536 宏普,1996/3/14
2537 聯上發,1996/9/6
2538 基泰,1996/11/1
2539 櫻花建,1997/7/16
2540 愛山林,1989/12/26
2542 興富發,1999/5/3
2543 皇昌,1999/10/15
2545 皇翔,2000/9/11
2546 根基,2000/9/11
2547 日勝生,2000/12/22
2548 華固,2002/8/26
2596 綠意,2009/6/1
2597 潤弘,2010/3/26
2601 益航,1965/3/1
2603 長榮,1987/9/21
2605 新興,1989/12/8
2606 裕民,1990/12/8
2607 榮運,1990/12/14
2608 嘉里大榮,1990/12/20
2609 陽明,1992/4/20
2610 華航,1993/2/26
2611 志信,1993/10/28
2612 中航,1994/10/20
2613 中櫃,1995/1/20
2614 東森,1995/9/23
2615 萬海,1996/5/16
2616 山隆,1997/11/8
2617 台航,1998/6/24
2618 長榮航,2001/9/19
2630 亞航,2018/2/22
2633 台灣高鐵,2016/10/27
2634 漢翔,2014/8/25
2636 台驊投控,2016/12/22
2637 慧洋-KY,2010/12/1
2640 大車隊,2012/11/7
2641 正德,2014/10/9
2642 宅配通,2013/12/12
2643 捷迅,2016/3/4
2645 長榮航太,2023/3/14
2701 萬企,1965/3/22
2702 華園,1965/6/1
2704 國賓,1982/11/10
2705 六福,1988/12/24
2706 第一店,1991/6/25
2707 晶華,1998/3/9
2712 遠雄來,2013/12/3
2718 晶悅,2011/3/29
2719 燦星旅,2012/2/24
2722 夏都,2012/3/14
2723 美食-KY,2010/11/22
2724 藝舍-KY,2012/5/29
2726 雅茗-KY,2014/12/24
2727 王品,2012/3/6
2729 瓦城,2012/9/17
2731 雄獅,2013/9/24
2732 六角,2015/1/20
2734 易飛網,2013/12/26
2736 富野,2016/1/6
2739 寒舍,2016/5/19
2740 天蔥,2015/12/24
2743 山富,2020/3/9
2745 五福,2018/4/16
2748 雲品,2016/11/23
2752 豆府,2019/9/25
2753 八方雲集,2021/9/9
2754 亞洲藏壽司,2020/9/17
2755 揚秦,2020/12/16
2756 聯發國際,2022/1/14
2762 世界健身-KY,2024/1/24
2801 彰銀,1962/2/9
2809 京城銀,1983/7/20
2812 台中銀,1984/5/15
2816 旺旺保,1992/5/5
2820 華票,1994/10/26
2832 台產,1997/9/30
2834 臺企銀,1998/1/3
2836 高雄銀,1998/5/18
2838 聯邦銀,1998/6/29
2845 遠東銀,1998/11/27
2849 安泰銀,1999/9/27
2850 新產,2000/5/22
2851 中再保,2000/7/6
2852 第一保,2000/11/28
2855 統一證,2002/9/16
2867 三商壽,2012/12/18
2880 華南金,2001/12/19
2881 富邦金,2001/12/19
2882 國泰金,2001/12/31
2883 開發金,2001/12/28
2884 玉山金,2002/1/28
2885 元大金,2002/2/4
2886 兆豐金,2002/2/4
2887 台新金,2002/2/18
2888 新光金,2002/2/19
2889 國票金,2002/3/26
2890 永豐金,2002/5/9
2891 中信金,2002/5/17
2892 第一金,2003/1/2
2897 王道銀行,2017/5/5
2901 欣欣,1976/5/7
2903 遠百,1978/10/11
2904 匯僑,1983/1/5
2905 三商,1988/9/19
2906 高林,1989/12/26
2908 特力,1993/2/18
2910 統領,1996/12/30
2911 麗嬰房,1997/1/18
2912 統一超,1997/8/22
2913 農林,1962/2/9
2915 潤泰全,1977/7/20
2916 滿心,2005/3/10
2923 鼎固-KY,2012/12/7
2924 宏太-KY,2011/12/2
2926 誠品生活,2013/1/30
2929 淘帝-KY,2013/12/30
2937 集雅社,2017/6/8
2939 凱羿-KY,2018/1/11
2941 米斯特,2024/3/20
2945 三商家購,2021/11/30
2947 振宇五金,2021/10/6
2948 寶陞,2023/12/12
2949 欣新網,2023/12/15
3002 歐格,2002/1/23
3003 健和興,2002/2/19
3004 豐達科,2002/2/25
3005 神基,2002/2/25
3006 晶豪科,2002/3/4
3008 大立光,2002/3/11
3010 華立,2002/7/22
3011 今皓,2002/7/22
3013 晟銘電,2002/9/16
3014 聯陽,2002/10/29
3015 全漢,2002/10/16
3016 嘉晶,2002/12/24
3017 奇鋐,2002/9/27
3018 隆銘綠能,2002/8/26
3019 亞光,2002/8/26
3021 鴻名,2002/8/26
3022 威強電,2002/8/26
3023 信邦,2002/8/26
3024 憶聲,2002/8/26
3025 星通,2002/8/26
3026 禾伸堂,2002/8/26
3027 盛達,2002/8/26
3028 增你強,2002/8/26
3029 零壹,2002/8/26
3030 德律,2002/10/29
3031 佰鴻,2002/8/26
3032 偉訓,2002/8/26
3033 威健,2002/8/26
3034 聯詠,2002/8/26
3035 智原,2002/8/26
3036 文曄,2002/8/26
3037 欣興,2002/8/26
3038 全台,2002/8/26
3040 遠見,2002/8/26
3041 揚智,2002/8/26
3042 晶技,2002/8/26
3043 科風,2002/8/26
3044 健鼎,2002/8/26
3045 台灣大,2002/8/26
3046 建碁,2002/8/26
3047 訊舟,2002/8/26
3048 益登,2002/10/1
3049 精金,2002/9/27
3050 鈺德,2002/10/29
3051 力特,2002/10/28
3052 夆典,1995/11/25
3054 立萬利,2002/11/18
3055 蔚華科,2002/12/12
3056 富華新,2003/3/3
3057 喬鼎,2002/12/18
3058 立德,2002/12/9
3059 華晶科,2002/12/24
3060 銘異,2003/4/21
3062 建漢,2003/7/28
3064 泰偉,2004/6/9
3066 李洲,2004/12/2
3067 全域,2003/10/21
3071 協禧,2004/12/30
3073 天方能源,2007/10/8
3078 僑威,2005/1/31
3081 聯亞,2015/7/22
3083 網龍,2003/12/2
3085 新零售,2004/3/1
3086 華義,2004/3/29
3088 艾訊,2005/4/28
3090 日電貿,2007/12/31
3092 鴻碩,2021/5/13
3093 港建*,2005/6/17
3094 聯傑,2007/8/6
3095 及成,2005/5/26
3105 穩懋,2011/12/13
3114 好德,2004/3/25
3115 富榮綱,2005/4/8
3118 進階,2008/5/21
3122 笙泉,2015/1/26
3128 昇銳,2006/9/4
3130 一零四,2006/2/17
3131 弘塑,2011/1/17
3138 耀登,2020/12/11
3141 晶宏,2014/3/14
3147 大綜,2018/5/29
3149 正達,2011/11/23
3152 璟德,2008/3/24
3162 精確,2005/10/3
3163 波若威,2012/12/3
3164 景岳,2010/3/22
3167 大量,2013/10/21
3168 眾福科,2024/3/26
3169 亞信,2009/11/24
3171 新洲,2004/9/17
3176 基亞,2011/11/23
3178 公準,2018/11/19
3188 鑫龍騰,2004/3/17
3189 景碩,2004/11/1
3191 雲嘉南,2005/4/12
3202 樺晟,2005/7/26
3205 佰研,2005/9/12
3206 志豐,2007/2/8
3207 耀勝,2004/11/4
3209 全科,2008/11/26
3211 順達,2004/11/8
3213 茂訊,2004/10/1
3217 優群,2004/4/30
3218 大學光,2004/11/29
3219 倚強科,2004/3/19
3221 台嘉碩,2006/2/22
3224 三顧,2004/6/3
3226 至寶電,2004/6/16
3227 原相,2006/5/4
3228 金麗科,2005/3/2
3229 晟鈦,2009/12/31
3230 錦明,2006/9/25
3231 緯創,2003/8/19
3232 昱捷,2004/11/1
3234 光環,2011/3/24
3236 千如,2004/12/2
3252 海灣,2004/9/23
3257 虹冠電,2011/3/21
3259 鑫創,2007/12/24
3260 威剛,2004/10/8
3264 欣銓,2005/1/5
3265 台星科,2005/8/2
3266 昇陽,2014/12/24
3268 海德威,2005/1/27
3272 東碩,2014/8/26
3276 宇環,2005/1/12
3284 太普高,2005/3/22
3285 微端,2012/7/23
3287 廣寰科,2008/1/28
3288 點晶,2005/4/15
3289 宜特,2004/12/28
3290 東浦,2005/5/19
3293 鈊象,2006/7/12
3294 英濟,2007/4/27
3296 勝德,2007/12/31
3297 杭特,2005/6/7
3303 岱稜,2007/5/28
3305 昇貿,2008/7/10
3306 鼎天,2005/7/5
3308 聯德,2008/3/12
3310 佳穎,2008/6/27
3311 閎暉,2004/3/8
3312 弘憶股,2010/12/29
3313 斐成,2006/5/29
3317 尼克森,2007/8/9
3321 同泰,2015/12/15
3322 建舜電,2009/5/20
3323 加百裕,2007/6/25
3324 雙鴻,2005/5/13
3325 旭品,2005/8/15
3332 幸康,2008/1/24
3338 泰碩,2013/12/13
3339 泰谷,2006/6/27
3346 麗清,2016/12/19
3349 寶德,2022/3/23
3354 律勝,2005/12/8
3356 奇偶,2005/3/28
3357 臺慶科,2021/4/27
3360 尚立,2006/6/6
3362 先進光,2005/9/6
3363 上詮,2011/2/25
3372 典範,2005/12/16
3373 熱映,2007/12/13
3374 精材,2015/3/30
3376 新日興,2007/12/31
3379 彬台,2011/10/20
3380 明泰,2004/12/20
3388 崇越電,2006/2/22
3390 旭軟,2006/2/22
3402 漢科,2007/1/9
3406 玉晶光,2005/12/20
3413 京鼎,2015/7/28
3416 融程電,2015/1/23
3419 譁裕,2008/1/21
3426 台興,2016/12/21
3430 奇鈦科,2022/9/8
3432 台端,2010/12/30
3434 哲固,2008/1/28
3437 榮創,2014/7/9
3438 類比科,2006/7/19
3441 聯一光,2010/10/4
3443 創意,2006/11/3
3444 利機,2008/9/26
3447 展達,2022/12/15
3450 聯鈞,2006/4/12
3454 晶睿,2011/7/22
3455 由田,2007/12/27
3465 進泰電子,2008/1/28
3466 德晉,2006/5/17
3479 安勤,2010/6/8
3481 群創,2006/10/24
3483 力致,2006/12/18
3484 崧騰,2007/11/9
3489 森寶,2007/9/29
3490 單井,2007/10/15
3491 昇達科,2008/1/3
3492 長盛,2015/5/18
3494 誠研,2007/12/13
3498 陽程,2007/9/11
3499 環天科,2006/10/19
3501 維熹,2007/9/20
3504 揚明光,2007/1/26
3508 位速,2007/10/17
3511 矽瑪,2009/2/16
3512 皇龍,2007/7/25
3515 華擎,2007/11/8
3516 亞帝歐,2007/11/29
3518 柏騰,2007/11/28
3520 華盈,2007/10/12
3521 鴻翊,2007/8/7
3522 御頂,2007/10/15
3523 迎輝,2007/11/16
3526 凡甲,2007/11/2
3527 聚積,2007/10/29
3528 安馳,2016/5/18
3529 力旺,2011/1/24
3530 晶相光,2018/7/16
3531 先益,2008/4/8
3532 台勝科,2007/12/10
3533 嘉澤,2007/12/10
3535 晶彩科,2008/1/31
3537 堡達,2010/1/25
3540 曜越,2007/12/12
3541 西柏,2009/12/22
3543 州巧,2020/4/15
3545 敦泰,2007/7/3
3546 宇峻,2008/4/18
3548 兆利,2008/3/27
3550 聯穎,2010/11/10
3551 世禾,2008/4/15
3552 同致,2009/1/7
3555 博士旺,2011/11/8
3556 禾瑞亞,2008/4/15
3557 嘉威,2008/2/27
3558 神準,2013/12/30
3563 牧德,2019/4/2
3564 其陽,2013/12/3
3567 逸昌,2010/11/22
3570 大塚,2008/10/23
3576 聯合再生,2009/1/12
3577 泓格,2009/1/6
3580 友威科,2010/7/9
3581 博磊,2015/1/20
3583 辛耘,2013/3/12
3587 閎康,2009/8/18
3588 通嘉,2009/8/14
3591 艾笛森,2010/11/12
3592 瑞鼎,2022/1/7
3593 力銘,2009/3/16
3594 磐儀,2013/5/7
3596 智易,2009/3/11
3597 映興,2020/3/9
3605 宏致,2009/3/26
3607 谷崧,2009/10/28
3609 三一東林,2011/1/11
3611 鼎翰,2008/11/26
3615 安可,2009/4/15
3617 碩天,2009/12/23
3622 洋華,2009/3/25
3623 富晶通,2010/4/28
3624 光頡,2011/3/16
3625 西勝,2009/10/28
3628 盈正,2010/9/9
3629 地心引力,2010/5/27
3630 新鉅科,2010/4/26
3631 晟楠,2010/12/20
3632 研勤,2011/1/11
3645 達邁,2011/10/5
3646 艾恩特,2012/3/27
3652 精聯,2022/9/21
3653 健策,2009/11/18
3661 世芯-KY,2014/10/28
3663 鑫科,2012/11/20
3664 安瑞-KY,2010/6/24
3665 貿聯-KY,2011/4/21
3666 光耀,2014/12/4
3669 圓展,2011/8/25
3672 康聯訊,2015/4/20
3673 TPK-KY,2010/10/29
3675 德微,2012/6/29
3679 新至陞,2011/10/5
3680 家登,2011/8/31
3684 榮昌,2014/3/28
3685 元創精密,2010/12/8
3686 達能,2010/7/20
3687 歐買尬,2011/1/11
3689 湧德,2012/10/18
3691 碩禾,2010/11/18
3693 營邦,2013/11/27
3694 海華,2011/5/3
3701 大眾控,2004/8/30
3702 大聯大,2005/11/9
3703 欣陸,2010/4/8
3704 合勤控,2010/8/16
3705 永信,2011/1/3
3706 神達,2013/9/12
3707 漢磊,2014/10/1
3708 上緯投控,2016/8/31
3709 鑫聯大投控,2017/9/1
3710 連展投控,2017/12/29
3711 日月光投控,2018/4/30
3712 永崴投控,2018/10/1
3713 新晶投控,2020/2/27
3714 富采,2021/1/6
3715 定穎投控,2022/8/25
3716 中化投資控股,2024/9/2
4102 永日,2001/3/20
4104 佳醫,2007/12/31
4105 東洋,2001/9/27
4106 雃博,2004/11/8
4107 邦特,2002/3/4
4108 懷特,2008/7/16
4109 加捷生醫,2002/8/8
4111 濟生,1999/3/6
4113 聯上,2003/7/22
4114 健喬,2003/5/12
4116 明基醫,2015/12/16
4119 旭富,2004/1/7
4120 友華,2003/11/5
4121 優盛,2003/7/25
4123 晟德,2003/10/7
4126 太醫,2004/2/9
4127 天良,2005/7/29
4128 中天,2006/6/9
4129 聯合,2004/9/29
4130 健亞,2012/1/12
4131 浩泰,2004/4/9
4133 亞諾法,2009/12/28
4137 麗豐-KY,2013/11/27
4138 曜亞,2010/12/29
4139 馬光-KY,2011/4/29
4142 國光生,2012/5/3
4147 中裕,2015/11/23
4148 全宇生技-KY,2017/6/8
4153 鈺緯,2013/5/23
4154 樂威科-KY,2011/12/28
4155 訊映,2017/12/5
4157 太景*-KY,2014/1/17
4160 訊聯基因,2012/9/17
4161 聿新科,2013/6/26
4162 智擎,2012/9/18
4163 鐿鈦,2012/11/15
4164 承業醫,2012/10/24
4167 松瑞藥,2015/9/8
4168 醣聯,2012/12/18
4171 瑞基,2014/8/14
4173 久裕,2013/10/31
4174 浩鼎,2015/3/23
4175 杏一,2014/4/23
4183 福永生技,2017/3/9
4188 安克,2015/3/24
4190 佐登-KY,2015/10/21
4192 杏國,2014/10/28
4198 欣大健康,2014/12/23
4205 中華食,1999/1/30
4207 環泰,2000/1/21
4303 信立,1999/3/10
4304 勝昱,2000/1/27
4305 世坤,2000/9/28
4306 炎洲,2008/1/21
4401 東隆興,1996/5/9
4402 福大,1997/7/23
4406 新昕纖,1999/1/14
4413 飛寶企業,1999/7/29
4414 如興,2004/9/6
4416 三圓,2000/5/6
4417 金洲,2000/11/7
4419 皇家美食,2001/6/26
4420 光明,2002/4/18
4426 利勤,2011/12/16
4430 耀億,2011/6/9
4432 銘旺實,2012/11/26
4433 興采,2014/11/3
4438 廣越,2016/10/18
4439 冠星-KY,2019/12/5
4440 宜新實業,2021/10/25
4442 竣邦-KY,2023/11/29
4502 健信,1995/12/12
4503 金雨,1996/12/19
4506 崇友,1997/12/6
4510 高鋒,1998/2/24
4513 福裕,1998/3/25
4523 永彰,1999/11/22
4526 東台,2003/9/15
4527 方方土霖,2000/9/28
4528 江興鍛,2001/2/12
4529 淳紳,2001/5/4
4530 宏易,2001/4/30
4532 瑞智,2003/8/4
4533 協易機,2002/4/26
4534 慶騰,2003/3/31
4535 至興,2003/4/16
4536 拓凱,2013/10/9
4538 大詠城,2019/1/15
4540 全球傳動,2018/8/15
4541 晟田,2014/7/22
4542 科嶠,2014/8/25
4543 萬在,2016/3/15
4545 銘鈺,2016/1/6
4549 桓達,2014/11/27
4550 長佳,2015/3/18
4551 智伸科,2015/8/10
4552 力達-KY,2016/7/20
4554 橙的,2016/8/5
4555 氣立,2015/10/27
4556 旭然,2015/12/22
4557 永新-KY,2015/10/12
4558 寶緯,2022/3/17
4560 強信-KY,2017/5/26
4561 健椿,2018/6/11
4562 穎漢,2017/8/21
4563 百德,2018/7/12
4564 元翎,2019/3/7
4566 時碩工業,2018/2/5
4568 科際精密,2018/10/3
4569 六方科-KY,2023/7/31
4571 鈞興-KY,2019/9/17
4572 駐龍,2019/9/10
4576 大銀微系統,2019/9/4
4577 達航科技,2022/6/14
4580 捷流閥業,2020/1/6
4581 光隆精密-KY,2020/3/9
4583 台灣精銳,2022/5/9
4584 君帆,2022/10/5
4588 玖鼎電力,2024/1/29
4609 唐鋒,2000/5/19
4702 中美實,1995/4/21
4706 大恭,1998/4/17
4707 磐亞,1998/5/20
4711 永純,1999/2/24
4712 福格創新,1999/4/3
4714 永捷,2000/3/27
4716 大立,2000/3/27
4720 德淵,2015/6/24
4721 美琪瑪,2001/3/9
4722 國精化,2012/8/15
4726 永昕,2013/12/25
4728 雙美,2012/1/10
4729 熒茂,2009/2/24
4735 豪展,2011/8/16
4736 泰博,2023/12/22
4737 華廣,2010/12/23
4739 康普,2017/9/8
4741 泓瀚,2017/9/26
4743 合一,2011/9/23
4744 皇將,2018/7/12
4745 合富-KY,2013/1/30
4746 台耀,2011/3/1
4747 強生,2013/12/25
4754 國碳科,2016/9/29
4755 三福化,2013/11/27
4760 勤凱,2019/3/21
4763 材料-KY,2015/11/9
4764 雙鍵,2018/1/4
4766 南寶,2018/11/28
4767 誠泰科技,2018/10/29
4768 晶呈科技,2022/4/13
4770 上品,2021/12/22
4771 望隼,2024/3/18
4804 大略-KY,2015/12/4
4806 桂田文創,2016/3/9
4807 日成-KY,2017/6/26
4903 聯光通,2001/5/14
4904 遠傳,2005/8/24
4905 台聯電,2001/12/7
4906 正文,2003/6/30
4907 富宇,2002/3/4
4908 前鼎,2002/2/27
4909 新復興,2002/11/28
4911 德英,2011/3/21
4912 聯德控股-KY,2015/5/21
4915 致伸,2012/10/5
4916 事欣科,2013/11/21
4919 新唐,2010/9/27
4923 力士,2022/3/14
4924 欣厚-KY,2011/10/18
4927 泰鼎-KY,2015/9/8
4930 燦星網,2010/6/21
4931 新盛力,2019/9/17
4933 友輝,2011/7/29
4934 太極,2011/8/16
4935 茂林-KY,2011/7/28
4938 和碩,2010/6/24
4939 亞電,2011/9/19
4942 嘉彰,2011/6/27
4943 康控-KY,2016/11/11
4945 陞達科技,2020/11/20
4946 辣椒,2011/6/10
4949 有成精密,2024/5/9
4950 牧東,2012/4/27
4951 精拓科,2022/11/3
4952 凌通,2011/11/1
4953 緯軟,2014/1/8
4956 光鋐,2011/10/24
4958 臻鼎-KY,2011/12/26
4960 誠美材,2011/10/24
4961 天鈺,2018/10/17
4966 譜瑞-KY,2011/9/13
4967 十銓,2019/1/14
4968 立積,2015/11/13
4971 IET-KY,2013/7/24
4972 湯石照明,2013/6/17
4973 廣穎,2012/6/19
4974 亞泰,2011/11/29
4976 佳凌,2012/11/20
4977 眾達-KY,2013/11/20
4979 華星光,2011/12/12
4987 科誠,2012/3/21
4989 榮科,2018/6/28
4991 環宇-KY,2014/9/15
4994 傳奇,2013/12/25
4995 晶達,2012/5/9
4999 鑫禾,2013/6/3
5007 三星,2011/9/16
5009 榮剛,1998/10/17
5011 久陽,1999/3/30
5013 強新,2000/5/8
5014 建錩,2001/2/15
5015 華祺,2000/12/15
5016 松和,2001/3/5
5201 凱衛,2000/10/12
5202 力新,2000/10/18
5203 訊連,2004/9/27
5205 中茂,2001/5/14
5206 坤悅,2001/10/8
5209 新鼎,2002/2/25
5210 寶碩,2002/4/25
5211 蒙恬,2002/12/23
5212 凌網,2003/3/24
5213 亞昕,2003/4/24
5215 科嘉-KY,2011/12/26
5220 萬達光電,2018/4/26
5222 全訊,2021/10/25
5223 安力-KY,2018/7/2
5225 東科-KY,2012/11/5
5227 立凱-KY,2013/12/9
5228 鈺鎧,2022/5/20
5230 雷笛克光學,2012/6/5
5234 達興材料,2012/7/16
5236 凌陽創新,2021/7/29
5243 乙盛-KY,2013/11/25
5244 弘凱,2022/1/19
5245 智晶,2015/5/25
5251 天鉞電,2012/11/26
5258 虹堡,2016/12/30
5263 智崴,2012/12/18
5269 祥碩,2012/12/12
5272 笙科,2013/5/30
5274 信驊,2013/4/30
5276 達輝-KY,2014/6/12
5278 尚凡,2013/6/4
5283 禾聯碩,2019/5/24
5284 jpp-KY,2017/3/9
5285 界霖,2014/2/25
5287 數字,2014/1/20
5288 豐祥-KY,2014/9/25
5289 宜鼎,2013/11/27
5291 邑昇,2014/12/23
5292 華懋,2023/11/21
5299 杰力,2018/1/23
5301 寶得利,1990/6/25
5302 太欣,1991/1/17
5306 桂盟,2022/3/8
5309 系統電,1996/3/18
5310 天剛,1996/4/9
5312 寶島科,1996/5/25
5314 世紀,1996/9/16
5315 光聯,1996/11/2
5321 美而快,1996/12/30
5324 士開,1997/1/30
5328 華容,1997/8/28
5340 建榮,1998/1/20
5344 立衛,1998/3/23
5345 天揚,1998/3/23
5347 世界,1998/3/25
5348 正能量智能,1998/4/29
5351 鈺創,1998/5/15
5353 台林,1998/5/18
5355 佳總,1998/6/23
5356 協益,1998/7/20
5364 力麗店,1998/12/7
5371 中光電,1999/1/20
5381 合正,1999/3/19
5386 青雲,1999/5/13
5388 中磊,2007/12/3
5392 能率,1999/6/14
5398 慕康生醫,1999/10/11
5403 中菲,1999/10/15
5410 國眾,1999/11/26
5425 台半,2000/2/21
5426 振發,2000/2/9
5432 新門,2000/3/21
5434 崇越,2003/8/25
5438 東友,2000/6/17
5439 高技,2000/6/26
5443 均豪,1998/2/9
5450 南良,2000/8/22
5452 佶優,2000/10/2
5455 昇益,2000/10/19
5457 宣德,2000/9/29
5460 同協,2000/9/28
5464 霖宏,2000/11/8
5465 富驊,2000/11/8
5468 凱鈺,2001/1/17
5469 瀚宇博,2003/8/25
5471 松翰,2003/8/25
5474 聰泰,2001/3/20
5475 德宏,2001/1/16
5478 智冠,2001/3/29
5481 新華,2001/4/27
5483 中美晶,2001/3/2
5484 慧友,2003/8/25
5487 通泰,2001/2/20
5488 松普,2001/3/12
5489 彩富,2001/3/12
5490 同亨,2001/5/14
5493 三聯,2001/5/3
5498 凱崴,2001/3/29
5508 永信建,1998/5/13
5511 德昌,1998/12/9
5512 力麒,1998/12/4
5514 三豐,1998/12/29
5515 建國,2003/10/6
5516 雙喜,1999/3/23
5519 隆大,2014/2/10
5520 力泰,1999/10/27
5521 工信,2012/12/18
5522 遠雄,2007/8/6
5523 豐謙,1999/12/27
5525 順天,2004/11/26
5529 鉅陞,1996/1/12
5530 龍巖,2000/10/4
5531 鄉林,2005/1/31
5533 皇鼎,2008/4/30
5534 長虹,2004/5/24
5536 聖暉*,2010/11/10
5538 東明-KY,2013/12/16
5543 桓鼎-KY,2016/5/9
5546 永固-KY,2020/5/20
5548 安倉,2024/3/18
5601 台聯櫃,1994/11/24
5603 陸海,1997/1/25
5604 中連,1997/5/22
5607 遠雄港,2004/12/2
5608 四維航,2003/8/25
5609 中菲行,2001/10/15
5701 劍湖山,1998/3/12
5703 亞都,1999/6/15
5704 老爺知,1999/12/21
5706 鳳凰,2011/10/21
5864 致和證,2018/4/2
5871 中租-KY,2011/12/13
5876 上海商銀,2018/10/19
5878 台名,2014/10/28
5880 合庫金,2011/12/1
5902 德記,1998/2/7
5903 全家,2002/2/25
5904 寶雅,2002/9/9
5905 南仁湖,2003/6/17
5906 台南-KY,2011/10/24
5907 大洋-KY,2012/6/6
6005 群益證,2005/11/21
6015 宏遠證,1996/7/25
6016 康和證,1996/12/4
6020 大展證,2003/1/23
6021 美好證,2003/4/21
6023 元大期,2007/11/28
6024 群益期,2017/10/16
6026 福邦證,2016/1/27
6101 寬魚國際,2001/3/29
6103 合邦,2001/5/7
6104 創惟,2001/5/22
6108 競國,2008/12/30
6109 亞元,2001/7/26
6111 大宇資,2001/8/8
6112 邁達特,2003/8/4
6113 亞矽,2001/8/10
6114 久威,2001/9/27
6115 鎰勝,2004/7/19
6116 彩晶,2004/9/6
6117 迎廣,2003/8/25
6118 建達,2001/10/25
6120 達運,2006/9/13
6121 新普,2001/11/27
6122 擎邦,2002/1/16
6123 上奇,2002/1/23
6124 業強,2002/3/19
6125 廣運,2002/1/23
6126 信音,2002/1/18
6127 九豪,2002/1/10
6128 上福,2003/6/16
6129 普誠,2001/12/25
6130 上亞科技,2002/3/26
6133 金橋,2003/8/25
6134 萬旭,2002/1/8
6136 富爾特,2003/8/25
6138 茂達,2002/1/18
6139 亞翔,2003/8/25
6140 訊達,2002/2/4
6141 柏承,2003/10/22
6142 友勁,2003/8/4
6143 振曜,2002/1/28
6144 得利影,2002/1/23
6146 耕興,2002/1/23
6147 頎邦,2002/1/31
6148 驊宏資,2002/2/1
6150 撼訊,2002/3/11
6151 晉倫,2002/2/25
6152 百一,2009/12/8
6153 嘉聯益,2008/1/21
6154 順發,2002/2/18
6155 鈞寶,2006/8/18
6156 松上,2002/2/19
6158 禾昌,2002/2/19
6160 欣技,2002/3/1
6161 捷波,2002/3/1
6163 華電網,2002/3/19
6164 華興,2008/10/21
6165 浪凡,2003/8/4
6166 凌華,2004/11/8
6167 久正,2002/3/26
6168 宏齊,2003/8/25
6169 昱泉,2002/3/22
6170 統振,2002/4/16
6171 大城地產,2002/4/22
6173 信昌電,2002/4/19
6174 安碁,2002/5/2
6175 立敦,2002/6/10
6176 瑞儀,2007/5/15
6177 達麗,2013/8/1
6179 亞通,2002/5/17
6180 橘子,2002/5/21
6182 合晶,2002/5/16
6183 關貿,2011/12/1
6184 大豐電,2005/2/15
6185 幃翔,2002/8/9
6186 新潤,2002/8/2
6187 萬潤,2002/9/27
6188 廣明,2002/8/27
6189 豐藝,2004/5/24
6190 萬泰科,1998/2/4
6191 精成科,2007/10/19
6192 巨路,2004/9/27
6194 育富,2002/12/5
6195 詩肯,2002/10/21
6196 帆宣,2004/5/24
6197 佳必琪,2004/11/8
6198 瑞築,2002/12/26
6199 天品,2002/11/4
6201 亞弘電,2004/9/27
6202 盛群,2004/9/27
6203 海韻電,2002/12/26
6204 艾華,2002/11/13
6205 詮欣,2008/1/21
6206 飛捷,2004/8/3
6207 雷科,2002/12/23
6208 日揚,2002/12/23
6209 今國光,2004/11/8
6210 慶生,2003/2/14
6212 理銘,2002/12/26
6213 聯茂,2008/1/21
6214 精誠,2010/12/30
6215 和椿,2007/12/31
6216 居易,2004/9/27
6217 中探針,2003/1/9
6218 豪勉,2003/1/14
6219 富旺,2003/2/26
6220 岳豐,2003/1/9
6221 晉泰,2003/1/6
6222 上揚,2003/1/9
6223 旺矽,2003/1/6
6224 聚鼎,2009/9/17
6225 天瀚,2004/9/27
6226 光鼎,2008/11/10
6227 茂綸,2003/1/14
6228 全譜,2003/1/21
6229 研通,2003/1/14
6230 尼得科超眾,2010/9/16
6231 系微,2003/1/23
6233 旺玖,2003/2/20
6234 高僑,2003/3/12
6235 華孚,2004/8/23
6236 中湛,2003/3/31
6237 驊訊,2003/4/21
6239 力成,2004/11/8
6240 松崗,2003/5/30
6241 易通展,2003/4/8
6242 立康,2003/4/23
6243 迅杰,2009/12/17
6244 茂迪,2003/5/15
6245 立端,2003/5/19
6246 臺龍,2003/6/18
6248 沛波,2003/9/3
6257 矽格,2003/8/25
6259 百徽,2003/9/17
6261 久元,2004/3/29
6263 普萊德,2003/9/17
6264 富裔,2004/2/24
6265 方土昶,2003/10/24
6266 泰詠,2004/4/29
6269 台郡,2003/9/23
6270 倍微,2003/9/17
6271 同欣電,2007/11/16
6274 台燿,2003/12/18
6275 元山,2004/12/23
6276 安鈦克,2003/10/30
6277 宏正,2003/10/30
6278 台表科,2010/8/24
6279 胡連,2003/11/26
6281 全國電,2005/12/8
6282 康舒,2003/9/8
6283 淳安,2008/1/21
6284 佳邦,2004/6/29
6285 啟碁,2003/9/22
6287 元隆,2003/10/2
6288 聯嘉,2018/5/9
6290 良維,2005/6/3
6291 沛亨,2004/1/28
6292 迅德,2003/11/26
6294 智基,2004/1/13
6405 悅城,2013/11/28
6409 旭隼,2014/3/31
6411 晶焱,2014/3/11
6412 群電,2013/11/8
6414 樺漢,2014/3/28
6415 矽力*-KY,2013/12/12
6416 瑞祺電通,2018/4/16
6417 韋僑,2015/10/8
6418 詠昇,2019/2/18
6419 京晨科,2014/12/29
6425 易發,2019/1/18
6426 統新,2021/3/24
6431 光麗-KY,2014/12/4
6432 今展科,2015/5/20
6435 大中,2016/1/7
6438 迅得,2021/1/19
6441 廣錠,2017/9/27
6442 光聖,2015/7/14
6443 元晶,2015/10/1
6446 藥華藥,2024/1/25
6449 鈺邦,2014/12/9
6451 訊芯-KY,2015/1/26
6456 GIS-KY,2015/6/12
6457 紘康,2015/6/12
6461 益得,2018/3/28
6462 神盾,2015/12/23
6464 台數科,2015/12/16
6465 威潤,2015/11/20
6469 大樹,2016/3/30
6470 宇智,2015/11/3
6472 保瑞,2023/12/19
6477 安集,2016/6/21
6482 弘煜科,2016/6/13
6485 點序,2015/11/17
6486 互動,2016/9/13
6488 環球晶,2015/9/25
6491 晶碩,2019/10/7
6492 生華科,2017/4/24
6494 九齊,2016/5/9
6496 科懋,2016/1/7
6499 益安,2016/7/27
6504 南六,2013/5/7
6505 台塑化,2003/12/26
6506 雙邦,2011/5/3
6508 惠光,2004/3/22
6509 聚和,2004/4/12
6510 精測,2016/3/24
6512 啟發電,2016/3/25
6514 芮特-KY,2015/12/2
6515 穎崴,2021/1/20
6516 勤崴國際,2019/5/6
6517 保勝光學,2022/12/15
6523 達爾膚,2016/6/16
6525 捷敏-KY,2016/4/12
6526 達發,2023/10/19
6527 明達醫,2019/12/25
6530 創威,2018/1/23
6531 愛普*,2016/5/31
6532 瑞耘,2016/9/26
6533 晶心科,2017/3/14
6535 順藥,2016/9/26
6538 倉和,2016/10/21
6541 泰福-KY,2017/10/26
6542 隆中,2016/9/8
6546 正基,2022/5/24
6547 高端疫苗,2018/4/17
6548 長科*,2016/9/13
6550 北極星藥業-KY,2022/6/6
6552 易華電,2017/1/10
6556 勝品,2017/10/31
6558 興能高,2018/12/5
6560 欣普羅,2017/1/24
6561 是方,2018/6/5
6568 宏觀,2016/12/28
6569 醫揚,2016/12/21
6570 維田,2017/12/11
6573 虹揚-KY,2017/9/26
6574 霈方,2017/9/4
6576 逸達,2018/6/29
6577 勁豐,2017/3/21
6578 達邦蛋白,2018/9/18
6579 研揚,2017/8/21
6581 鋼聯,2018/1/30
6582 申豐,2017/6/14
6584 南俊國際,2023/5/18
6585 鼎基,2022/5/20
6588 東典光電,2020/7/1
6589 台康生技,2019/6/28
6590 普鴻,2018/12/24
6591 動力-KY,2017/12/28
6592 和潤企業,2019/12/9
6593 台灣銘板,2017/11/3
6596 寬宏藝術,2018/1/4
6598 ABC-KY,2020/6/9
6603 富強鑫,2004/4/5
6605 帝寶,2004/3/17
6606 建德工業,2023/3/24
6609 瀧澤科,2003/9/23
6612 奈米醫材,2018/7/18
6613 朋億*,2017/12/28
6615 慧智,2018/1/22
6616 特昇-KY,2018/1/10
6617 共信-KY,2024/6/18
6624 萬年清,2019/5/28
6625 必應,2018/2/7
6629 泰金-KY,2019/6/6
6637 醫影,2024/6/18
6640 均華,2018/10/23
6641 基士德-KY,2018/9/21
6642 富致,2019/9/23
6643 M31,2019/1/23
6649 台生材,2019/6/5
6651 全宇昕,2021/2/1
6654 天正國際,2018/10/23
6655 科定,2018/11/28
6657 華安,2023/6/12
6658 聯策,2023/11/2
6661 威健生技,2021/1/27
6662 樂斯科,2019/3/26
6664 群翊,2018/9/12
6666 羅麗芬-KY,2018/11/19
6667 信紘科,2018/11/13
6668 中揚光,2018/12/12
6669 緯穎,2019/3/27
6670 復盛應用,2018/12/18
6671 三能-KY,2018/12/11
6672 騰輝電子-KY,2019/4/17
6674 鋐寶科技,2018/11/28
6679 鈺太,2019/5/9
6680 鑫創電子,2019/9/16
6683 雍智科技,2019/4/23
6684 安格,2021/8/11
6689 伊雲谷,2022/9/13
6690 安碁資訊,2019/10/30
6691 洋基工程,2022/1/3
6692 進能服,2024/2/2
6693 廣閎科,2022/3/1
6695 芯鼎,2022/11/4
6697 東捷資訊,2019/12/26
6698 旭暉應材,2019/11/25
6703 軒郁,2020/10/20
6706 惠特,2019/12/19
6708 天擎,2022/12/29
6712 長聖,2021/1/8
6715 嘉基,2019/12/12
6716 應廣,2020/3/27
6719 力智,2022/1/13
6721 信實,2022/4/29
6727 亞泰金屬,2020/12/1
6728 上洋,2020/12/25
6732 昇佳電子,2020/6/8
6733 博晟生醫,2021/1/28
6735 美達科技,2022/4/29
6741 91APP*-KY,2021/5/25
6742 澤米,2023/12/5
6743 安普新,2020/12/14
6747 亨泰光,2021/1/19
6751 智聯服務,2020/12/25
6752 叡揚,2020/12/10
6753 龍德造船,2023/3/10
6754 匯僑設計,2020/8/25
6756 威鋒電子,2020/12/24
6761 穩得,2021/11/8
6762 達亞,2020/12/18
6763 綠界科技,2022/3/15
6767 台微醫,2021/1/25
6768 志強-KY,2021/4/22
6770 力積電,2021/12/6
6776 展碁國際,2021/3/31
6781 AES-KY,2021/3/22
6782 視陽,2022/11/28
6785 昱展新藥,2024/1/24
6788 華景電,2021/9/29
6789 采鈺,2022/6/30
6790 永豐實,2021/9/29
6791 虎門科技,2022/11/14
6792 詠業,2021/12/8
6796 晉弘,2022/6/1
6799 來頡,2022/5/12
6803 崑鼎,2010/5/27
6804 明係,2022/3/31
6805 富世達,2023/11/9
6806 森崴能源,2021/11/15
6807 峰源-KY,2022/4/25
6811 宏碁資訊,2022/8/9
6821 聯寶,2023/5/22
6823 濾能,2022/6/30
6829 千附精密,2022/3/11
6830 汎銓,2022/8/31
6834 天二科技,2022/9/1
6835 圓裕,2022/11/10
6838 台新藥,2024/8/13
6840 東研信超,2023/3/24
6841 長佳智能,2023/3/1
6843 進典,2022/11/21
6844 諾貝兒,2024/3/8
6846 綠茵,2023/5/15
6855 數泓科,2022/10/6
6856 鑫傳,2023/10/27
6859 伯特光,2022/11/28
6861 睿生光電,2023/3/27
6863 永道-KY,2023/3/21
6865 偉康科技,2023/1/11
6869 雲豹能源,2024/6/19
6870 騰雲,2023/9/14
6874 倍力,2022/12/14
6875 國邑*,2024/3/26
6877 鏵友益,2023/6/16
6881 潤德,2024/5/21
6890 來億-KY,2024/6/12
6894 衛司特,2023/11/29
6895 宏碩系統,2023/8/22
6899 創為精密,2024/4/8
6901 鑽石投資,2023/9/19
6903 巨漢,2024/6/12
6904 伯鑫,2023/12/5
6906 現觀科,2024/1/15
6914 阜爾運通,2024/5/3
6916 華凌,2023/12/5
6922 宸曜,2023/11/9
6928 攸泰科技,2024/5/16
6929 佑全,2024/3/28
6933 AMAX-KY,2023/11/8
6937 天虹,2023/12/12
6952 大武山,2024/6/13
6953 家碩,2024/5/13
6957 裕慶-KY,2024/6/25
6968 萬達寵物,2024/8/14
7402 邑錡,2015/12/29
7556 意德士,2020/10/30
7584 樂意,2024/7/25
8011 台通,2011/9/19
8016 矽創,2003/12/25
8021 尖點,2008/1/21
8024 佑華,2006/9/25
8027 鈦昇,2015/6/9
8028 昇陽半導體,2018/7/10
8032 光菱,2003/10/2
8033 雷虎,2007/6/21
8034 榮群,2004/5/6
8038 長園科,2013/11/21
8039 台虹,2009/12/17
8040 九暘,2007/4/30
8042 金山電,2004/3/22
8043 蜜望實,2003/10/24
8044 網家,2005/1/24
8046 南電,2006/4/7
8047 星雲,2004/2/9
8048 德勝,2009/9/8
8049 晶采,2004/2/2
8050 廣積,2003/10/24
8054 安國,2004/11/8
8059 凱碩,2010/3/16
8064 東捷,2006/9/25
8066 來思達,2004/12/24
8067 志旭,2004/4/23
8068 全達,2004/3/25
8069 元太,2004/3/30
8070 長華*,2007/12/31
8071 能率網通,2003/12/29
8072 陞泰,2005/8/19
8074 鉅橡,2004/1/27
8076 伍豐,2003/12/15
8077 洛碁,2004/12/6
8080 印鉐,2004/5/10
8081 致新,2008/12/30
8083 瑞穎,2004/9/23
8084 巨虹,2004/3/8
8085 福華,2004/3/1
8086 宏捷科,2009/6/1
8087 華鎂鑫,2004/2/25
8088 品安,2004/2/27
8089 康全電訊,2020/9/23
8091 翔名,2004/6/24
8092 建暐,2004/2/2
8093 保銳,2004/12/31
8096 擎亞,2004/7/15
8097 常珵,2004/3/1
8099 大世科,2004/3/29
8101 華冠,2004/7/1
8103 瀚荃,2009/9/29
8104 錸寶,2019/1/17
8105 凌巨,2006/12/27
8107 大億金茂,2005/11/15
8109 博大,2005/3/22
8110 華東,2007/10/31
8111 立碁,2004/2/9
8112 至上,2007/12/31
8114 振樺電,2012/11/26
8121 越峰,2005/2/17
8131 福懋科,2007/11/29
8147 正淩,2013/4/30
8150 南茂,2014/4/11
8155 博智,2012/12/18
8163 達方,2007/11/28
8171 天宇,2011/12/19
8176 智捷,2013/6/25
8182 加高,2006/5/25
8183 精星,2005/3/30
8201 無敵,2007/10/29
8210 勤誠,2011/12/1
8213 志超,2009/12/25
8215 明基材,2010/11/12
8222 寶一,2015/1/27
8227 巨有科技,2022/12/20
8234 新漢,2007/6/7
8240 華宏,2005/6/23
8249 菱光,2005/5/17
8255 朋程,2006/4/25
8261 富鼎,2009/12/11
8271 宇瞻,2010/12/29
8277 商丞,2004/12/27
8279 生展,2016/9/26
8284 三竹,2020/5/18
8289 泰藝,2008/4/24
8291 尚茂,2011/11/29
8299 群聯,2004/12/6
8341 日友,2015/3/23
8342 益張,2017/11/23
8349 恒耀,2006/3/10
8354 冠好,2004/4/15
8358 金居,2010/9/27
8367 建新國際,2018/9/12
8374 羅昇,2008/12/25
8383 千附,2004/9/10
8390 金益鼎,2008/5/21
8401 白紗科,2010/3/29
8403 盛弘,2011/3/1
8404 百和興業-KY,2011/5/18
8409 商之器,2013/11/25
8410 森田,2011/2/23
8411 福貞-KY,2011/11/1
8415 大國鋼,2016/9/7
8416 實威,2012/9/19
8420 明揚,2014/11/10
8421 旭源,2012/11/23
8422 可寧衛,2011/10/5
8423 保綠-KY,2012/3/14
8424 惠普,2012/12/18
8426 紅木-KY,2011/12/13
8429 金麗-KY,2012/12/20
8431 匯鑽科,2015/3/30
8432 東生華,2012/4/30
8433 弘帆,2012/12/19
8435 鉅邁,2012/12/28
8436 大江,2013/9/12
8437 大地-KY,2015/5/6
8438 昶昕,2022/3/11
8440 綠電,2018/3/28
8442 威宏-KY,2016/11/8
8443 阿瘦,2014/9/15
8444 綠河-KY,2015/10/27
8446 華研,2013/12/19
8450 霹靂,2014/10/7
8454 富邦媒,2014/12/19
8455 大拓-KY,2016/1/8
8462 柏文,2019/3/15
8463 潤泰材,2015/7/13
8464 億豐,2015/12/22
8466 美吉吉-KY,2016/11/1
8467 波力-KY,2015/12/15
8472 夠麻吉,2016/1/11
8473 山林水,2016/9/8
8476 台境,2023/10/31
8477 創業家,2016/10/31
8478 東哥遊艇,2017/12/11
8481 政伸,2017/2/24
8482 商億-KY,2018/8/15
8488 吉源-KY,2016/12/13
8489 三貝德,2017/4/27
8499 鼎炫-KY,2017/11/24
8905 裕國,1996/1/31
8906 花王,1996/4/23
8908 欣雄,1997/2/14
8916 光隆,1999/4/20
8917 欣泰,1999/5/6
8921 沈氏,2000/3/21
8923 時報,1999/12/27
8924 大田,2000/2/9
8926 台汽電,2003/8/25
8927 北基,2000/11/2
8928 鉅明,2001/2/2
8929 富堡,2000/11/30
8930 青鋼,2000/12/6
8931 大汽電,2001/5/10
8932 智通,2001/3/29
8933 愛地雅,2001/3/28
8935 邦泰,2002/3/26
8936 國統,2002/9/9
8937 合騏,2002/10/29
8938 明安,2002/12/2
8940 新天地,2009/5/15
8941 關中,2003/1/20
8942 森鉅,2003/5/16
8996 高力,2014/2/14
9103 美德醫療-DR,2002/12/13
910322 康師傅-DR,2009/12/16
9105 泰金寶-DR,2003/9/22
910861 神州-DR,2010/11/24
9110 越南控-DR,2009/12/3
911608 明輝-DR,2010/10/20
911622 泰聚亨-DR,2011/9/29
911868 同方友友-DR,2009/12/22
912000 晨訊科-DR,2011/4/25
9136 巨騰-DR,2009/5/25
9802 鈺齊-KY,2012/10/18
9902 台火,1964/7/14
9904 寶成,1990/1/19
9905 大華,1990/8/8
9906 欣巴巴,1990/12/15
9907 統一實,1991/1/29
9908 大台北,1991/2/6
9910 豐泰,1992/2/18
9911 櫻花,1992/7/16
9912 偉聯,1992/8/8
9914 美利達,1992/9/30
9917 中保科,1993/12/8
9918 欣天然,1994/4/26
9919 康那香,1994/11/4
9921 巨大,1994/12/29
9924 福興,1995/3/15
9925 新保,1995/12/9
9926 新海,1998/4/8
9927 泰銘,1999/3/12
9928 中視,1999/8/9
9929 秋雨,1999/6/28
9930 中聯資源,1999/11/22
9931 欣高,2000/3/21
9933 中鼎,1993/5/28
9934 成霖,2000/9/11
9935 慶豐富,2000/9/11
9937 全國,2000/9/11
9938 百和,2001/1/12
9939 宏全,2001/3/2
9940 信義,2001/9/19
9941 裕融,2001/9/19
9942 茂順,2002/1/28
9943 好樂迪,2002/8/26
9944 新麗,2002/8/26
9945 潤泰新,1992/4/30
9946 三發地產,2013/9/17
9949 琉園,2003/11/21
9950 萬國通,2004/2/17
9951 皇田,2003/12/18
9955 佳龍,2008/1/21
9958 世紀鋼,2008/3/12
9960 邁達康,2004/12/6
9962 有益,2006/7/10
